0.0458333333
0.7925000000
0.2400000000
0.8933333333
0.6450000000
0.8641666667
0.0108333333
0.3141666667
0.2333333333
0.8466666667
0.7491666667
0.8808333333
0.6683333333
0.1175000000
0.9366666667
0.5183333333
0.7591666667
0.2108333333
0.9308333333
0.9600000000
0.0541666667
0.4241666667
0.1733333333
0.1616666667
0.0591666667
0.2091666667
0.0850000000
0.9775000000
0.5291666667
0.9808333333
0.3741666667
0.9191666667
0.9175000000
0.8991666667
0.8475000000
0.9291666667
0.1591666667
0.3475000000
0.9725000000
0.2350000000
0.0700000000
0.9466666667
0.1750000000
0.3025000000
0.0683333333
0.8391666667
0.0666666667
0.3850000000
0.9866666667
0.4683333333
0.3741666667
0.4650000000
0.9716666667
0.8750000000
0.1375000000
0.1658333333
0.0141666667
0.7841666667
0.1700000000
0.1758333333
0.5850000000
0.8233333333
0.7966666667
0.1075000000
0.1058333333
0.9341666667
0.0933333333
0.0950000000
0.2200000000
0.1683333333
0.2508333333
0.8516666667
0.4925000000
0.6050000000
0.4933333333
0.7766666667
0.9041666667
0.9583333333
0.2191666667
0.5908333333
0.1033333333
0.9191666667
0.0591666667
0.8508333333
0.1233333333
0.0366666667
0.3750000000
0.0783333333
0.9250000000
0.7966666667
0.5083333333
0.9425000000
0.8275000000
0.9875000000
0.8100000000
0.8783333333
0.0350000000
0.1008333333
0.7516666667
0.9800000000
0.1966666667
0.9333333333
0.8383333333
0.5166666667
0.2450000000
0.1666666667
0.9525000000
0.1558333333
0.9591666667
0.1100000000
0.1883333333
0.3533333333
0.7500000000
0.9875000000
0.6366666667
0.7908333333
0.9608333333
0.0333333333
0.0783333333
0.9525000000
0.6358333333
0.8916666667
0.9466666667
0.5075000000
0.6158333333
0.9966666667
0.1291666667
0.3275000000
0.6008333333
0.8950000000
0.0625000000
0.6916666667
0.1075000000
0.2258333333
0.1908333333
0.2283333333
0.7775000000
0.1650000000
0.2450000000
0.0800000000
0.2241666667
0.8183333333
0.1591666667
0.1808333333
0.0566666667
0.8491666667
0.9700000000
0.5483333333
0.7616666667
0.1983333333
0.8575000000
0.8008333333
0.4391666667
0.3541666667
0.4316666667
0.0608333333
0.1050000000
0.7900000000
0.3650000000
0.0100000000
0.0775000000
0.3266666667
0.0241666667
0.0500000000
0.9283333333
0.7100000000
0.7391666667
0.9258333333
0.0808333333
0.9083333333
0.8358333333
0.9741666667
0.6958333333
0.0350000000
0.0466666667
0.1541666667
0.3950000000
0.4766666667
0.1308333333
0.9825000000
0.0925000000
0.1266666667
0.3950000000
0.8550000000
0.8383333333
0.6700000000
0.6366666667
0.0316666667
0.1300000000
0.9708333333
0.9400000000
0.1616666667
0.4750000000
0.5908333333
0.5275000000
0.2075000000
0.8150000000
0.9566666667
0.3966666667
0.0275000000
0.9375000000
0.1358333333
0.2941666667
0.4033333333
0.1175000000
0.9333333333
0.1016666667
0.5633333333
0.8258333333
0.6966666667
0.7650000000
0.2058333333
0.3216666667
0.8991666667
0.7675000000
0.9841666667
0.2208333333
0.8583333333
0.0658333333
0.1191666667
0.9558333333
0.1675000000
0.2383333333
0.8550000000
0.9100000000
0.9308333333
0.9608333333
0.6608333333
0.9233333333
0.9850000000
0.2525000000
0.7608333333
0.0808333333
0.0716666667
0.4858333333
0.8266666667
0.0716666667
0.1508333333
0.9800000000
0.2425000000
0.0341666667
0.8258333333
0.4866666667
0.4141666667
0.0891666667
0.1891666667
0.1375000000
0.8933333333
0.1825000000
0.9266666667
0.8358333333
0.1000000000
0.1891666667
0.9316666667
0.1725000000
0.0366666667
0.5491666667
0.6633333333
0.6408333333
0.7558333333
0.7825000000
0.2033333333
0.2950000000
0.0600000000
0.2908333333
0.9908333333
0.2433333333
0.2491666667
0.4000000000
0.4241666667
0.6875000000
0.1475000000
0.2083333333
0.6333333333
0.3175000000
0.0766666667
0.0800000000
0.2400000000
0.8566666667
0.1591666667
0.0758333333
0.9941666667
0.3725000000
0.7808333333
0.1241666667
0.1191666667
0.0533333333
0.9908333333
0.9383333333
0.5183333333
0.4308333333
0.0741666667
0.1291666667
0.4650000000
0.0658333333
0.5991666667
0.7541666667
0.1683333333
0.1216666667
0.9366666667
0.8708333333
0.1291666667
0.6650000000
0.0316666667
0.9366666667
0.9800000000
0.6775000000
0.9675000000
0.8516666667
0.9508333333
0.1733333333
0.5258333333
0.1266666667
0.0691666667
0.1158333333
0.1700000000
0.0883333333
0.2575000000
0.2616666667
0.0500000000
0.5116666667
0.7775000000
0.1275000000
0.1391666667
0.0400000000
0.6458333333
0.1091666667
0.2758333333
0.1391666667
0.1058333333
0.0283333333
0.0700000000
0.1325000000
0.1425000000
0.1941666667
0.9033333333
0.1250000000
0.9083333333
0.1775000000
0.1416666667
0.6100000000
0.4725000000
0.0333333333
0.2775000000
0.0108333333
0.7400000000
0.4408333333
0.2125000000
0.5025000000
0.6583333333
0.7641666667
0.9216666667
0.0233333333
0.0775000000
0.0550000000
0.8800000000
0.2783333333
0.1816666667
0.4325000000
0.9450000000
0.9491666667
0.9816666667
0.2375000000
0.7941666667
0.2575000000
0.1225000000
0.5391666667
0.0341666667
0.9900000000
0.2766666667
0.6400000000
0.7608333333
0.1383333333
0.1183333333
0.4991666667
0.4425000000
0.1183333333
0.8083333333
0.9458333333
0.0900000000
0.0908333333
0.9466666667
0.3758333333
0.1275000000
0.2375000000
0.9550000000
0.5308333333
0.3708333333
0.9666666667
0.1725000000
0.1116666667
0.3991666667
0.9666666667
0.8258333333
0.9716666667
0.0916666667
0.7766666667
0.0950000000
0.1608333333
0.7758333333
0.7116666667
0.0525000000
0.0183333333
0.1883333333
0.2508333333
0.9583333333
0.1866666667
0.6425000000
0.0916666667
0.2141666667
0.9608333333
0.3066666667
0.4516666667
0.0341666667
0.9816666667
0.5108333333
0.0991666667
0.1666666667
0.9150000000
0.7891666667
0.1316666667
0.1766666667
0.5666666667
0.7983333333
0.0475000000
0.7550000000
0.8441666667
0.6100000000
0.2741666667
0.9141666667
0.9708333333
0.1883333333
0.8891666667
0.8983333333
0.6816666667
0.0925000000
0.0625000000
0.1091666667
0.0050000000
0.9466666667
0.8750000000
0.7958333333
0.1358333333
0.0558333333
0.4525000000
0.7900000000
0.9900000000
0.2275000000
0.8825000000
0.7991666667
0.1650000000
0.1033333333
0.8233333333
0.6491666667
0.0416666667
0.1350000000
0.0216666667
0.6283333333
0.6808333333
0.9258333333
0.9891666667
0.1683333333
0.0850000000
0.0133333333
0.7283333333
0.7866666667
0.6775000000
0.8975000000
0.0108333333
0.8000000000
0.1683333333
0.9600000000
0.5275000000
0.1333333333
0.6591666667
0.9633333333
0.7375000000
0.1108333333
0.6550000000
0.1758333333
0.7025000000
0.6308333333
0.5416666667
0.9625000000
0.0741666667
0.1333333333
0.9600000000
0.4883333333
0.0491666667
0.8208333333
0.7016666667
0.9491666667
0.8733333333
0.1125000000
0.5958333333
0.0625000000
0.3900000000
0.8733333333
0.2716666667
0.1408333333
